$ANSIBLE_VAULT;1.1;AES256
61326133336339613262663165336461333033623362643634393962663866386533646563323435
3063633631653233613532623961613035353266326233330a396439363566346432643039643665
37356363343965396661313534346563316230303333626365323233626636323130303734353135
6666616662333562310a656364633333373234656531613361636464373931653730373262373636
63386464353739383232313632336665313635333064613833326565326130376239633330613066
64633434333365356634353463646133373631613837346537613139626462663733646231323564
66323239313032633532626165333337376633343166343238306137316333383139386464643236
62616163623835343339613730383132323761393266363534346538633836353061343038303131
32396635363330333830663666643465663065633661343336356136323035653466626565383163
38613833636238346263383663366335643261646236376633333334343030376466313963663731
65323036373535656139346664313538313933653865363836316631666535316364623939373035
31373039626439393338303166623762663062333737373165366332336336633564643837646436
61623662623663376631386131353261663337353534323931376634313138653661353439633665
33363064323934323762323235343464393334303364383833643432383732623139666534663864
61353065663739316364316665613863663063626565666331366464623437626535303634303263
64663937643133353635376233626134306536356233653331356535383163396436666435353534
38323264623164663533633266306531363763636433353830356232636639383564613235626336
34326162396561383766623430656131396233353434393161393435623061376361346261326465
32316561333539336539333964616332393263376562633837366137353130303434343236393135
66613532373464653035623637313563393237346134353330393966366536383262636630653030
64366233333864316466626432303134663030366230306437386438326437333566396532663734
66666330343038353465373661363832646335623834303766373530626663663764353366643463
39636237303839666338386662396539323233366136656564373761376639653563633730336339
33636630633038636636653066653135383565373232626634633733663432646633323663663061
37313433363534386434643836303731386530363735653663356465646661653263386136376636
30613634323335353766373935313835396364383634383431373636636334376434323963636330
33356433303765356435653630303830313962643061373966393035636537316564333662326463
64663165316236663330376634613538363932613432643362303963313161656664333034396264
36346430646262343039613837386334646639633165336561313630323564343735303634363537
34366231346365653034633335363464613230316439626662303635353261326235623739643932
39626535633965326639346234313337316166356561326138326338363631316638653435333234
31326632613630366430383739616334666433356130363031633865313233306533666364363833
34666363313935366532376539363963313165313832383232343934613463383130623866343664
33323633336262323937336239653466373262306365333931306438333730633333393364346239
65323765646266666538393239353430663832633931353637333634613836633839306166366562
37313335373738643430366163633838373232333465363932666437356339306464313463643832
36353461646436306663323361643139343234343230653232346435643131616636356564363566
61316263346261376236626663623364376539653736373230623230356637396561356237383464
63323830353138373130333164643531666336653532316565356237326631633533343537373533
63613035356431313337383835386364393830393432646134376366666665323362373964356638
62373565366630373838363035393834653765393839373230393165646235373938343731666537
30323334333666383131643632313062323334306162346338313261323863663438333039393430
31383866326563653264386362643732656230636635636234333363363537326432623639366364
37356566656562383434306238346362363531653232643032326561636439396565656166363631
36386264383635373861343765646366323834666432666531613431343830323861303837326532
31613236373139633135636166343034353437316366633366623138653963323964646664376337
30386661623334343063303564643532393065666431346438616434343763323039653336643162
61393365626230333737623563366664646431353634643966336461643862373564353631636231
31636566653166303936653535653364313563616330363161663636663765313532656466636235
66643364656638386661373064326538323836663237626433353432373239383637663561356236
33343439356139326639663437303864366336616231393161383435626534306663656535623263
33656538306232643866366261666236326362653034343730653036383662613038376462353539
31363364313764626332396462323730333238326634616234343238366437326339353361646633
33393839313337313230356564303236336137663032356232376437323363386461336365626130
61646639643761643832303033346232373031646134383762393834623861363030386630303961
62306239646133396365376166393763336637653930313962386563333737373333613636313639
65646636336336383339353433353137363663623830306636386566623137333336373730326434
36313830626634366232666236383962373837383562323531313662393735313565656537333432
35663666633262306566323231343761313836636139366335333135613636303935386534343663
35633363393165303930393736386233653538626663303765396134353564306437323737376262
31363237373831643164323334313133343962643465636536336233633330653430313130396434
37656662653631393039366238326231353034613562306365303366323233613566383635383836
30353230616534653762626465663866316534626433663665373361393334306130623639373230
37623239366630303166326664663530616636316664386335336432613762343161636238353162
65323935383663396438326132346161373238343330333130623833313931323232363632623937
61353632633833393365666165653862353332313961373634663063323764646439346462623931
33323933383363623364623463393437383532333038376131613664663139373139323630616330
34636361616433363863316130353764633430613662373430663736306332333532666232316533
33323938376230623135396462636233663165643032626237626264616562373132386363366432
36666134636130303234393733356465316334346634643564346661323266323362306261336531
36653232663833356164626465376531623330636334636337633861353138653537633266663936
39353463616334306564613262313566336134393932653064666464633534383539303131333462
38663739663361313139626435373439616133323439373538633038643830326366653265373461
32323364356666646134393135333062633665373138326630663831646636623535323537623633
30333361353637653462323737343462613933646364666534316130313339383738646234303233
61646562653462363834396363663063663965626462636161653230383733373633633363346264
35336435306264363462613164626562636533376466653835663338303662643762343834373463
32383761386133383962363738393863663832653738386264383732323635343863653961336631
35336162613332636434653964326131656538663331623039343437363036363465646566393936
39656564333531393838613862383232323738383263623533386162303435633161666335373434
35383239326164303534646632363937633437616662393861326565663766363761643861316634
64646165323633636633313166393462623731313666386162356236666130346263313362383430
63376135623638343034636636303535376530646362666435326666353032326661643533386265
63383063653963353831343534316338376665383838613261363233613433633963343434363363
66343564306565663531373535616335353239356366656461653863633839643965316562633635
61633832663461663432343235373765363932373237373461663637383735313130643966376335
30363835306662653162343065356537613936356366373531313939313138626538633231396531
32613531646434363866396162616665306364643534663733663435313065633562613033356231
61646366616463666434636264613865366132323138303933613465643434633433316364373236
33646666653632313231643834313734323461303562353233306261303432623037343837656633
61363031306635323534656463643831663539333465633432353036656162326534333734343838
34306661323539613361356138336164663830383238613863623432643263646333643637323462
30343930383762386237343164313961376363663262666531396233656637393130613436623030
38643765646136356665393233306533333936633262363631303135316265353266383835383935
36386133326537393635333432313232343134366639326136366635656236326531616532636663
30393438396532643534343865656365303330636236346532623535333664316265333130653262
62396466306531646364616661336432666464393238306333666539303339363366313035613739
30333530616464383732326565316564356461363462663733316331623630663564356335663964
65386361363163393438653066383763383464303737363564323738303164303939373866313833
32623539653333633532383830363561613132323138313132633838663165313538313533366130
33646132336532363836613035363730623130353632663936633033333031653431326633376533
63323032636530386462346232343433643833636165303565643264383131323934626162343363
61393161356133363461636561356431303236396236323132336432346630633763353865376531
37373362343836313533326335646263366662653861343234386632356234313934323038353039
32393732643033376561326332303333303666303765313831383763326630346138366533316163
66316631313237356131376263373639646236373230626562323762613763323335376461383863
62346463613437396431396433653430656465653339623936346364656133316632373665646434
66353261626435626362303933666466326137646334376432343865383334393139663032626663
30336334366561363033386331643331323665636462613733313166663034353135666165396165
64303839346465613131313066666336653361666364623435343939353966643238656633396335
64643735303232316432303661303530383362613038653331323133326331363134643461316436
38386438376161666634323165353139383038613036666666616633356631623938626531333764
39376134643930383935396434383534393634323436353233306330373435326161396531643738
62366265656461326465336661646263633163616534326137653133383135373538343463333434
61623635613337343165633162666564343535636430633466663035353332323963336639623164
33666165616439393639633465623663663030393830343166383934626633373662363434336565
37663435356639663662316536383663633937343236303665363439336433623131313132383537
64646530303661366632313533303432663937336232383161386236613666343861373235666132
32393637383966323565643461623462323462393463666264653232663238393832316439333739
66326131393862396131666564656137323865616439313430396666323532633132333238386337
37653936333764313462653632323264656232653634356661353733396136656531613530383737
39623239383565656331373136663163613633303834656265643837626439333561306335326534
61373035336366316634626565313433653164366638376637366236383533626433393837353837
66333361383233336661393365353035316633653237306664626465383531373764336536376231
63373130393734666437376665373637316535376163396335373039313439343562373636636634
38356135356162333365373366316565646137373465633935336666623830323265333330633661
33353666313130323433303463343230356432353161306263383838613034343962393261653739
38623561393366313234656632376531353932633338383635653466306532366632333161353839
64633930653062313064376535333538393430323033346264383636343336313166336565353137
33326262323737343138313735306161636561666336666330323461343766643930663138376134
66633661623231663439613830343634323566346264393731316532313030333661613761663030
63616630626165623537643664303438363036633931643461393733383034623863353465613964
34653538623633306238373232353139383064626564346463303230666430333433626265323932
31386233633232346236626464366531313436373863336532383437353762363835383636396235
30623732383937643363653631353634333734336633656539396662616662343236613732356435
30383965663465626137393061373638306564316262363764613766643133613963386265386134
66376364356637373830616231326631376637643434653133383862316232366537393463653564
35363436363335356566623865646635623135633931356239633232313737393266303266346461
34366366613236656236373138623034373134313834373530323264633463303132306464616536
33326239666239343230303832366633633832353134646639616663373562393236306538336666
30343431656563613363623865303138323636653861646334663562376237353262323066613935
30646564333433333665653466626261666439373738313633336263663835356663663136326632
32653637656535396237373063636533616330363831333164653037373665376166376337643631
32353164383162636539666539393762303561363632626566666630376537326666653662623632
31653636636130636162633463636337626233623730616237343331656561623537646234323039
62663131356539653735333366313331623732366134663437306638363738643136393830363936
66653034393066363137366334313439666133313235633165356362386437333663666230663530
38316365336331363730666331353561653165353432346635393461343265363037643031643338
62346433616433613437323734333032666461323934393862623164313338386232366234366334
62376664656635333766396634343132373661363434653261383864353139363434653635313361
61326435373038623265386463326561333830626235336532363934663338643931323962663964
31646431373037303561373963336239633136656236613236303866646665316233633861633733
33393936653563353830376332313336633635386166363330386637323831666136393065376139
66666530656237323135646461393533663634646563373663666338343662333733633163383231
38376664633537306531643132353635633934303362663363623964396631323833383131613435
64353066306630346433366138363562336534346233303464373866656432343566343132356332
33613235306234393830633465386562663635656133336463633439313334636339313735623566
37613461646239306332666135383235653866363965326238323062333066636565333566333238
32643566333031343535636230373331363363623135363961653065376431656637653865326362
34356531366638393139383139663232656361656632343230353139373232333265393831303235
65333934343530303134393163636433636265316264336139383763306133386432353737643935
65313534346230353466303132633032366664643163636139323932393333333831376132326263
31356336636434363632373235636337323935636634623261363036633738633731343064333039
38643662313565303965656130633637393335363331313733323330376633383332386532313032
38363535643038643036313432643338303066356435356134353031656264396636303838633565
33643835396331303736623334323038663838343632343938623330366636363034666539643964
37636365353836336337326336656632373763336266666161326532343432316339636437626438
34323266346631353664373362366666343961623762613963623231386464363435356565366461
63306532343935366233636563383766396235353131333033393362363132333564313330616563
62393536666264656332303866353038636137663233326335393839303466373937386666363865
37383234613161623265656564346535663333336333613165626334376561373062393433386436
66633534636537623339386538393962613766356261356230333331336662653034646365633463
63646331363739373563626562356266373863633631653932326561656536326236363535316562
37373137336333636663336530666461306530353364353434646438353961386466623833666331
64366538363733316139633164366163646433636233646561363634383332643862336435626361
63643436666261336235
